3	6	10	11	44	3	4
23	24	25	31	44	2	3
5	6	9	27	38	5	11
1	28	35	38	50	2	10
16	29	37	40	44	8	10
10	30	40	41	49	2	8
6	7	17	35	43	2	8
2	8	10	23	25	8	9
9	16	18	19	21	2	3
4	16	21	36	42	7	8

20	23	26	30	33	6	9
7	25	27	48	49	1	4
4	19	34	41	43	7	11
6	7	38	39	44	7	9
3	10	23	27	44	7	9
6	15	22	37	44	2	4
13	15	30	35	42	4	6
11	17	18	39	44	5	10

16	28	31	33	48	7	11
1	18	25	26	44	4	5
5	6	12	19	37	3	7
4	5	17	38	48	3	4
19	25	28	33	44	2	8
1	16	38	42	45	9	10	
11	17	21	48	50	9	10	
20	27	34	46	50	2	3	
24	34	35	42	46	1	5	

4	29	35	36	39	8	9	
14	15	21	23	48	2	10	
4	16	18	25	44	1	11	
10	19	23	45	49	9	10	
2	7	24	43	46	10	8	
8	18	25	35	46	4	9	
1	3	16	24	37	1	8	
31	32	38	40	42	1	3	
2	7	22	27	40	3	6	

14	17	28	29	39	1	11	
1	11	20	22	35	8	10	
14	18	19	43	49	3	7	
7	17	20	35	50	5	11	
10	22	27	38	48	3	7	
8	15	26	30	48	9	10	
5	11	22	34	40	9	11	
13	34	37	47	49	8	9	
2	4	14	26	36	9	10	

8	15	17	25	28	3	11	
12	22	35	46	49	2	8	
16	31	32	37	41	1	7	
13	29	43	47	50	9	11	
2	11	13	26	50	2	5	
1	13	17	38	44	2	11	
3	21	34	38	48	5	8	
3	26	39	40	41	1	2	
4	5	15	19	41	9	11	

20	27	30	36	43	1	6	
8	9	24	43	48	3	5	
3	6	29	32	41	10	11	
10	28	33	48	49	1	10	
8	13	26	39	43	3	5	
22	25	27	36	37	5	9	
11	20	30	35	45	2	3	
1	8	18	25	30	9	10	

4	17	23	36	46	6	10	
24	27	29	34	36	7	8	
9	15	23	31	50	8	11	
15	16	28	30	46	3	4	
3	4	12	23	50	4	7	
1	10	25	43	47	8	9	
3	32	36	39	47	6	9	
23	24	27	37	47	2	6	
5	6	11	30	44	2	6	

1	10	17	33	48	2	3	
3	7	12	26	34	8	10	
11	14	24	25	29	7	11	
4	11	28	38	47	10	11	
14	27	36	42	46	8	11	
3	8	14	31	41	7	11	
3	15	17	28	33	2	4	
16	19	20	25	28	1	10	

9	34	38	43	45	2	4	
10	13	19	39	44	2	6	
1	2	6	20	36	8	11	
2	10	22	27	28	6	8	
12	22	30	31	44	5	6	
13	14	21	27	39	6	8	
4	9	10	30	40	2	9	
1	6	10	12	31	2	7	
3	30	42	45	49	5	10	
